35,441
35,440
97,35
35,300
35,299
35,298
35,297
35,296
35,295
35,87
35,111
35,110
35,109
35,108
35,107
35,106
35,105
35,104
35,103
35,102
35,101
35,95
35,94
35,93
35,92
35,89
35,88
35,86
35,85
35,84
35,83
35,12
35,114
35,113
35,91
35,90
35,5
35,3
14,15
20,2
20,1
20,3
19,2
19,1
19,3
83,7
83,6
83,5
83,4
83,3
83,1
81,5
81,4
81,1
78,10
78,8
78,4
78,1
76,5
76,4
76,3
76,1
75,8
75,6
75,4
75,3
75,1
64,9
64,1
48,5
48,4
48,3
48,1
41,3
41,1
40,3
40,1
39,4
39,3
39,1
38,12
38,11
38,10
38,9
38,5
38,4
38,3
38,1
37,9
37,7
37,6
37,5
37,4
37,3
37,1
35,513
35,512
35,439
35,438
35,437
35,423
35,422
35,421
35,420
35,419
35,418
35,417
35,416
35,415
35,414
35,413
35,412
35,411
35,410
35,409
35,408
35,407
35,406
35,405
35,404
35,403
35,402
35,401
35,400
35,399
35,398
35,397
35,396
35,395
35,394
35,393
35,392
35,391
35,390
35,389
35,388
35,387
35,386
35,385
